$ 1 0.000005 30.13683688681966 61 5 50 5e-11
r 192 144 192 256 0 5000
r 192 368 192 480 0 5000
r 192 592 192 704 0 5000
w 192 592 192 512 0
w 192 368 192 320 0
w 192 144 192 112 2
w 192 112 16 112 0
x 37 98 51 101 4 24 8
g 192 704 192 736 0 0
a 304 304 480 304 9 15 0 1000000 3.333333333333333 1.8589312773732691 100000
w 304 320 192 320 2
w 192 256 192 320 0
w 192 320 144 320 0
w 144 320 144 352 0
w 144 352 16 352 0
w 304 288 144 288 2
w 144 288 144 240 0
w 144 240 16 240 0
x 35 220 49 223 4 24 6
x 35 332 49 335 4 24 5
x 387 348 483 351 4 24 阈值比较
a 304 528 480 528 9 15 0 1000000 1.8589312773732691 1.6666666666666665 100000
x 387 572 483 575 4 24 触发比较
w 304 512 192 512 2
w 192 480 192 512 0
w 304 544 16 544 2
x 28 527 42 530 4 24 2
R 16 112 -48 112 0 0 40 5 0 0 0.5
153 576 320 736 320 0 2 8 8
153 576 512 736 512 0 2 0 8
w 480 304 576 304 0
w 480 528 576 528 0
w 736 512 736 496 0
w 736 496 576 352 0
w 576 352 576 336 0
w 736 320 736 336 0
w 736 336 576 480 0
w 576 480 576 496 0
w 736 512 816 512 0
x 770 494 789 497 6 24 Q
I 896 512 1008 512 0 0.5 8
w 816 512 896 512 0
w 1008 512 1152 512 0
x 1121 498 1135 501 4 24 3
t 912 320 976 320 0 1 -3.4294656302158897 3.529477081613697e-9 100 default
w 816 512 816 320 1
g 976 336 976 368 0 0
w 976 304 976 240 0
x 1121 210 1135 213 4 24 7
t 768 624 816 624 1 -1 -1.0450847499469058e-18 -1.0450847499469058e-18 100 default
w 816 512 816 608 0
w 768 624 672 624 0
w 672 624 672 768 0
w 672 768 16 768 0
x 32 746 46 749 4 24 4
r 816 320 912 320 0 1000
r 592 112 704 112 0 1000
w 1152 240 1152 112 0
w 704 112 1152 112 0
w 592 112 192 112 0
x 635 149 663 152 4 24 Ra
r 608 32 720 32 0 1000
w 1152 240 1216 240 0
w 1216 240 1216 32 0
w 1216 32 720 32 0
w 608 32 -80 32 0
w -80 32 -80 240 0
w -80 240 16 240 0
x 654 62 684 65 4 24 Rb
c -144 240 -208 240 0 0.000009999999999999999 1.8589312773732691 0.001
g -208 240 -240 240 0 0
w -80 240 -144 240 2
w -80 240 -80 544 0
w -80 544 16 544 0
x 205 727 267 730 4 24 Gnd1
x 951 410 1013 413 4 24 Gnd2
x -258 289 -196 292 4 24 Gnd3
403 896 592 1184 752 0 41_64_0_4099_10_0.00009765625_-1_2_41_3
r 1008 240 1120 240 0 200
w 1120 240 1152 240 0
w 1008 240 976 240 0
o 42 64 0 4099 10 0.00009765625 0 2 42 3
