$ 1 0.000005 10.20027730826997 50 5 50 5e-11
f 400 352 480 352 32 1.5 0.02
R 304 352 256 352 0 0 40 5 0 0 0.5
R 480 224 480 176 0 0 40 5 0 0 0.5
162 480 240 480 304 2 default-led 1 0 0 0.01
w 480 224 480 240 0
w 480 304 480 336 0
w 480 368 480 432 0
g 480 432 480 464 0 0
s 304 352 368 352 0 1 false
w 368 352 400 352 0
x 302 399 450 402 4 24 N沟道MOS管
x 654 415 797 418 4 24 P沟道MOS管
w 720 368 752 368 0
s 656 368 720 368 0 1 false
g 832 448 832 480 0 0
w 832 384 832 448 0
w 832 320 832 352 0
w 832 240 832 256 0
162 832 256 832 320 2 default-led 1 0 0 0.01
R 832 240 832 192 0 0 40 5 0 0 0.5
R 656 368 608 368 0 0 40 5 0 0 0.5
f 752 368 832 368 33 1.5 0.02
