$ 1 0.0000049999999999999996 10.20027730826997 50 5 50 5e-11
t 464 192 512 192 0 1 -2.084423139526466 0.7520882089532399 100 default
R 256 192 208 192 0 0 40 5 0 0 0.5
s 256 192 368 192 0 0 false
r 368 192 432 192 0 1000
162 512 64 512 128 2 default-led 1 0 0 0.01
w 512 128 512 176 1
w 512 208 512 272 0
R 512 16 512 -32 0 0 40 5 0 0 0.5
w 512 16 512 64 0
g 512 272 512 304 0 0
g 912 336 912 368 0 0
w 912 16 912 64 0
R 912 16 912 -32 0 0 40 5 0 0 0.5
w 912 208 912 288 0
w 912 128 912 176 0
162 912 64 912 128 2 default-led 1 0 0 0.01
r 768 192 864 192 0 1000
s 656 192 768 192 0 1 false
R 656 192 608 192 0 0 40 5 0 0 0.5
t 864 192 912 192 0 -1 2.4493297915753107 -0.6782902383029197 100 default
r 864 224 864 288 0 10000
w 912 288 912 336 0
w 864 288 912 288 0
w 864 192 864 224 0
x 589 411 983 414 4 16 下拉电阻的作用是将不确定的基极B的信号钳位在低电平
x 589 443 983 446 4 16 上拉电阻的作用是将不确定的基极B的信号钳位在高电平
w 432 192 464 192 1
