$ 1 0.000005 10.20027730826997 50 5 50 5e-11
v 352 400 352 320 0 0 40 5 0 0 0.5
r 512 144 512 224 0 100
r 640 144 640 224 0 400
r 752 144 752 224 0 800
r 640 400 640 496 0 200
w 352 320 352 16 0
w 352 16 640 16 3
w 640 16 640 64 3
w 640 64 512 64 0
w 512 64 512 144 1
w 640 64 640 144 1
w 640 64 752 64 0
w 752 64 752 144 1
w 512 224 512 272 0
w 512 272 640 272 0
w 640 272 640 224 0
w 752 224 752 272 0
w 752 272 640 272 0
w 640 272 640 400 3
w 640 496 640 560 0
w 640 560 352 560 0
w 352 560 352 400 0
