$ 1 0.000005 4.818269829109882 52 5 50 5e-11
v 288 288 288 208 0 1 40 5 0 0 0.5
162 528 208 528 272 2 default-led 1 0 0 0.01
w 288 208 288 160 0
w 288 160 400 160 0
r 400 160 464 160 0 330
w 464 160 528 160 0
w 528 160 528 208 0
w 528 272 528 336 0
w 528 336 288 336 0
w 288 336 288 288 0
v 304 -32 304 -112 0 1 40 5 0 0 0.5
d 480 -144 544 -80 2 default
d 480 -16 544 -80 2 default
d 416 -80 480 -144 2 default
d 416 -80 480 -16 2 default
w 304 -112 304 -208 0
w 304 -208 480 -208 0
w 480 -208 480 -144 0
w 544 -80 608 -80 0
w 368 48 368 -80 0
w 368 -80 416 -80 0
162 768 -80 768 48 2 default-led 1 0 0 0.01
r 656 -80 736 -80 0 1000
w 736 -80 768 -80 0
w 608 -80 656 -80 0
w 480 -16 480 16 0
w 480 16 304 16 0
w 304 16 304 -32 0
403 816 -32 944 32 0 21_64_0_4099_2.5_0.003125_-1_2_21_3
403 160 -176 288 -112 0 10_64_0_4099_5_0.05_-1_2_10_3
403 544 -160 672 -96 0 18_64_0_4099_5_0.05_-1_2_18_3
c 608 -80 608 48 0 0.001 3.794307825759943 0.001
w 768 48 608 48 0
w 368 48 608 48 0
x 442 -78 522 -75 4 16 桥式整流桥
x 619 18 747 21 4 16 大电容滤低频信号
