$ 1 0.000005 10.20027730826997 50 5 50 5e-11
178 416 256 640 256 6 1 0.2 -1.3766765505351411e-17 0.05 1000000 0.02 20 0.015 0.005 0
v 496 368 448 368 0 0 40 5 0 0 0.5
s 528 368 608 368 0 1 false
w 416 288 416 368 0
w 416 368 448 368 0
w 496 368 528 368 0
w 608 368 640 368 0
w 640 368 640 288 0
162 752 240 704 240 2 default-led 1 0 0 0.01
v 416 160 496 160 0 0 40 5 0 0 0.5
w 416 160 416 256 0
w 640 240 704 240 0
w 752 240 800 240 0
w 800 240 800 160 0
w 800 160 656 160 0
r 656 160 560 160 0 1000
w 560 160 496 160 0
